
0 16200
r_elbow_Z_18-0.426188 2.10054 0.430705 
r_elbow_Y_19-1.03219 0.741489 0.160478 
r_elbow_X_20-1.8506 0.546199 -0.625371 

1 6899
r_elbow_Z_18-0.419559 2.10054 0.496539 
r_elbow_Y_19-0.534408 0.741489 0.17583 
r_elbow_X_20-1.8506 0.282447 -0.6331 

2 5797
r_elbow_Z_18-0.419559 2.10054 0.518254 
r_elbow_Y_19-0.267228 0.741489 0.222918 
r_elbow_X_20-1.8506 0.282447 -0.666311 

3 72
r_elbow_Z_18-0.021592 0.402507 0.222943 
r_elbow_Y_190.00178195 0.187384 0.120764 
r_elbow_X_20-0.675929 0.0764331 -0.317199 

4 1654
r_elbow_Z_18-0.226257 1.823 0.341957 
r_elbow_Y_19-0.267228 0.741489 0.222163 
r_elbow_X_20-1.67924 0.187308 -0.734838 

5 245
r_elbow_Z_18-0.0489066 0.598128 0.282474 
r_elbow_Y_19-0.0186605 0.724913 0.255482 
r_elbow_X_20-1.57647 0.0947685 -0.607337 

6 1049
r_elbow_Z_18-0.135459 0.696493 0.270572 
r_elbow_Y_19-0.0552908 0.724913 0.241136 
r_elbow_X_20-1.67924 0.163358 -0.77686 

7 3
r_elbow_Z_18-0.021592 -0.0157131 -0.0187489 
r_elbow_Y_190.172924 0.187384 0.180318 
r_elbow_X_200.0694699 0.0764331 0.0729923 

8 481
r_elbow_Z_18-0.0489066 0.598128 0.315381 
r_elbow_Y_19-0.0186605 0.724913 0.328632 
r_elbow_X_20-1.57647 0.0947685 -0.796563 

9 2995
r_elbow_Z_18-0.419559 2.10054 0.390928 
r_elbow_Y_19-0.267228 0.741489 0.207127 
r_elbow_X_20-1.67924 0.246626 -0.637992 

10 2217
r_elbow_Z_18-0.419559 1.823 0.239194 
r_elbow_Y_19-0.267228 0.741489 0.184229 
r_elbow_X_20-1.67924 0.246626 -0.691 

11 385
r_elbow_Z_18-0.0489066 0.598128 0.320778 
r_elbow_Y_19-0.0186605 0.724913 0.321404 
r_elbow_X_20-1.57647 0.0947685 -0.770927 

12 209
r_elbow_Z_18-0.0489066 0.598128 0.25902 
r_elbow_Y_19-0.0186605 0.724913 0.23485 
r_elbow_X_20-1.57647 0.0947685 -0.539187 

13 184
r_elbow_Z_18-0.0489066 0.598128 0.229902 
r_elbow_Y_19-0.0186605 0.724913 0.188094 
r_elbow_X_20-1.57647 0.0947685 -0.446994 

14 126
r_elbow_Z_18-0.0489066 0.402507 0.133769 
r_elbow_Y_19-0.0186605 0.187384 0.070178 
r_elbow_X_20-0.675929 0.0947685 -0.193592 

15 47
r_elbow_Z_18-0.021592 0.376874 0.151268 
r_elbow_Y_190.11818 0.187384 0.136614 
r_elbow_X_20-0.58737 0.0764331 -0.171197 

16 736
r_elbow_Z_18-0.0489066 0.696493 0.346289 
r_elbow_Y_19-0.0186605 0.724913 0.284888 
r_elbow_X_20-1.67924 0.0947685 -0.8286 

281 1187
r_elbow_Z_18-0.154005 0.696493 0.243875 
r_elbow_Y_19-0.129953 0.724913 0.219069 
r_elbow_X_20-1.67924 0.187308 -0.708491 

282 166
r_elbow_Z_18-0.0489066 0.598128 0.192664 
r_elbow_Y_19-0.0186605 0.679836 0.132369 
r_elbow_X_20-1.45223 0.0947685 -0.327773 

283 1004
r_elbow_Z_18-0.0489066 0.696493 0.285928 
r_elbow_Y_19-0.0552908 0.724913 0.252803 
r_elbow_X_20-1.67924 0.0947685 -0.81397 

284 122
r_elbow_Z_18-0.0489066 0.402507 0.137831 
r_elbow_Y_19-0.017692 0.187384 0.0730075 
r_elbow_X_20-0.675929 0.0947685 -0.199618 

285 488
r_elbow_Z_18-0.0489066 0.598128 0.313469 
r_elbow_Y_19-0.0186605 0.724913 0.325836 
r_elbow_X_20-1.57647 0.0947685 -0.791958 

286 1064
r_elbow_Z_18-0.137411 0.696493 0.264901 
r_elbow_Y_19-0.0552908 0.724913 0.237267 
r_elbow_X_20-1.67924 0.174144 -0.763508 

287 1607
r_elbow_Z_18-0.226257 1.823 0.345024 
r_elbow_Y_19-0.250229 0.741489 0.23335 
r_elbow_X_20-1.67924 0.187308 -0.747975 

288 159
r_elbow_Z_18-0.0489066 0.598128 0.175263 
r_elbow_Y_19-0.0186605 0.610664 0.1091 
r_elbow_X_20-1.26325 0.0947685 -0.281479 

8882 27
r_elbow_Z_18-0.021592 0.160622 0.0457783 
r_elbow_Y_190.11818 0.187384 0.135774 
r_elbow_X_20-0.160469 0.0764331 -0.00611309 

8886 45
r_elbow_Z_18-0.021592 0.367861 0.141334 
r_elbow_Y_190.11818 0.187384 0.135671 
r_elbow_X_20-0.553746 0.0764331 -0.153059 

4049 130
r_elbow_Z_18-0.0489066 0.402507 0.131421 
r_elbow_Y_19-0.0186605 0.187384 0.0676169 
r_elbow_X_20-0.675929 0.0947685 -0.190142 

4050 110
r_elbow_Z_18-0.0489066 0.402507 0.155946 
r_elbow_Y_19-0.017692 0.187384 0.0810354 
r_elbow_X_20-0.675929 0.0947685 -0.227319 

4051 95
r_elbow_Z_18-0.022941 0.402507 0.187203 
r_elbow_Y_19-0.017692 0.187384 0.0918685 
r_elbow_X_20-0.675929 0.0764331 -0.275399 

4052 417
r_elbow_Z_18-0.0489066 0.598128 0.329302 
r_elbow_Y_19-0.0186605 0.724913 0.33715 
r_elbow_X_20-1.57647 0.0947685 -0.801011 

4053 724
r_elbow_Z_18-0.0489066 0.696493 0.345091 
r_elbow_Y_19-0.0186605 0.724913 0.286703 
r_elbow_X_20-1.67924 0.0947685 -0.823354 

4054 178
r_elbow_Z_18-0.0489066 0.598128 0.21859 
r_elbow_Y_19-0.0186605 0.720828 0.170227 
r_elbow_X_20-1.57647 0.0947685 -0.409444 

18658 3
r_elbow_Z_18-0.021592 -0.0157131 -0.0187489 
r_elbow_Y_190.172924 0.187384 0.180318 
r_elbow_X_200.0694699 0.0764331 0.0729923 

18660 242
r_elbow_Z_18-0.0489066 0.598128 0.280722 
r_elbow_Y_19-0.0186605 0.724913 0.253959 
r_elbow_X_20-1.57647 0.0947685 -0.602042 

4433 34
r_elbow_Z_18-0.021592 0.259453 0.0808653 
r_elbow_Y_190.11818 0.187384 0.134751 
r_elbow_X_20-0.318106 0.0764331 -0.0561409 

4434 98
r_elbow_Z_18-0.0330362 0.402507 0.180561 
r_elbow_Y_19-0.017692 0.187384 0.0897294 
r_elbow_X_20-0.675929 0.0764331 -0.265628 

4435 575
r_elbow_Z_18-0.0489066 0.598128 0.296713 
r_elbow_Y_19-0.0186605 0.724913 0.300124 
r_elbow_X_20-1.57647 0.0947685 -0.739593 

4436 211
r_elbow_Z_18-0.0489066 0.598128 0.26037 
r_elbow_Y_19-0.0186605 0.724913 0.236263 
r_elbow_X_20-1.57647 0.0947685 -0.543553 

4439 48
r_elbow_Z_18-0.021592 0.381098 0.156056 
r_elbow_Y_190.11818 0.187384 0.137131 
r_elbow_X_20-0.604299 0.0764331 -0.18022 

4440 83
r_elbow_Z_18-0.021592 0.402507 0.212409 
r_elbow_Y_19-0.017692 0.187384 0.103032 
r_elbow_X_20-0.675929 0.0764331 -0.308273 

18338 3
r_elbow_Z_18-0.021592 -0.0157131 -0.0187489 
r_elbow_Y_190.172924 0.187384 0.180318 
r_elbow_X_200.0694699 0.0764331 0.0729923 

16057 330
r_elbow_Z_18-0.0489066 0.598128 0.318289 
r_elbow_Y_19-0.0186605 0.724913 0.313307 
r_elbow_X_20-1.57647 0.0947685 -0.751606 

16058 97
r_elbow_Z_18-0.0298084 0.402507 0.182763 
r_elbow_Y_19-0.017692 0.187384 0.0904402 
r_elbow_X_20-0.675929 0.0764331 -0.268921 

16061 54
r_elbow_Z_18-0.021592 0.399787 0.18235 
r_elbow_Y_190.11818 0.187384 0.139865 
r_elbow_X_20-0.673709 0.0764331 -0.232356 

18 4
r_elbow_Z_18-0.021592 -0.0120257 -0.0170681 
r_elbow_Y_190.165323 0.187384 0.176569 
r_elbow_X_200.0648586 0.0764331 0.0709588 

19 188
r_elbow_Z_18-0.0489066 0.598128 0.236596 
r_elbow_Y_19-0.0186605 0.724913 0.198663 
r_elbow_X_20-1.57647 0.0947685 -0.469142 

20 738
r_elbow_Z_18-0.0489066 0.696493 0.346447 
r_elbow_Y_19-0.0186605 0.724913 0.284584 
r_elbow_X_20-1.67924 0.0947685 -0.829059 

22 61
r_elbow_Z_18-0.021592 0.402507 0.206926 
r_elbow_Y_190.0783385 0.187384 0.137174 
r_elbow_X_20-0.675929 0.0764331 -0.281161 

23 847
r_elbow_Z_18-0.0489066 0.696493 0.317469 
r_elbow_Y_19-0.0186605 0.724913 0.269045 
r_elbow_X_20-1.67924 0.0947685 -0.819705 

24 1157
r_elbow_Z_18-0.154005 0.696493 0.252947 
r_elbow_Y_19-0.0552908 0.724913 0.226821 
r_elbow_X_20-1.67924 0.187308 -0.730809 

97 28
r_elbow_Z_18-0.021592 0.173753 0.0503488 
r_elbow_Y_190.11818 0.187384 0.135644 
r_elbow_X_20-0.181408 0.0764331 -0.0123736 

98 22
r_elbow_Z_18-0.021592 0.100084 0.0253143 
r_elbow_Y_190.11818 0.187384 0.137354 
r_elbow_X_20-0.0721549 0.0764331 0.020396 

99 541
r_elbow_Z_18-0.0489066 0.598128 0.302089 
r_elbow_Y_19-0.0186605 0.724913 0.305348 
r_elbow_X_20-1.57647 0.0947685 -0.757964 

100 444
r_elbow_Z_18-0.0489066 0.598128 0.325013 
r_elbow_Y_19-0.0186605 0.724913 0.339336 
r_elbow_X_20-1.57647 0.0947685 -0.810035 

101 53
r_elbow_Z_18-0.021592 0.397347 0.178247 
r_elbow_Y_190.11818 0.187384 0.139557 
r_elbow_X_20-0.666694 0.0764331 -0.224028 

102 50
r_elbow_Z_18-0.021592 0.38832 0.165276 
r_elbow_Y_190.11818 0.187384 0.138173 
r_elbow_X_20-0.633539 0.0764331 -0.198057 

103 547
r_elbow_Z_18-0.0489066 0.598128 0.300968 
r_elbow_Y_19-0.0186605 0.724913 0.304168 
r_elbow_X_20-1.57647 0.0947685 -0.75415 

104 532
r_elbow_Z_18-0.0489066 0.598128 0.303708 
r_elbow_Y_19-0.0186605 0.724913 0.30738 
r_elbow_X_20-1.57647 0.0947685 -0.763755 

1305 179
r_elbow_Z_18-0.0489066 0.598128 0.220555 
r_elbow_Y_19-0.0186605 0.723875 0.17332 
r_elbow_X_20-1.57647 0.0947685 -0.41596 

1306 26
r_elbow_Z_18-0.021592 0.147909 0.0413612 
r_elbow_Y_190.11818 0.187384 0.135942 
r_elbow_X_20-0.140265 0.0764331 -0.000176346 

1309 153
r_elbow_Z_18-0.0489066 0.536799 0.159378 
r_elbow_Y_19-0.0186605 0.482037 0.0914931 
r_elbow_X_20-1.04323 0.0947685 -0.246446 

1310 27
r_elbow_Z_18-0.021592 0.160622 0.0457783 
r_elbow_Y_190.11818 0.187384 0.135774 
r_elbow_X_20-0.160469 0.0764331 -0.00611309 

1193 41
r_elbow_Z_18-0.021592 0.342133 0.120088 
r_elbow_Y_190.11818 0.187384 0.134424 
r_elbow_X_20-0.476949 0.0764331 -0.116656 

1194 46
r_elbow_Z_18-0.021592 0.372669 0.146363 
r_elbow_Y_190.11818 0.187384 0.13612 
r_elbow_X_20-0.571267 0.0764331 -0.16215 

1196 13
r_elbow_Z_18-0.021592 0.0246574 -0.000165137 
r_elbow_Y_190.119982 0.187384 0.148423 
r_elbow_X_200.0220981 0.0764331 0.0510461 

1197 14
r_elbow_Z_18-0.021592 0.0303898 0.00201736 
r_elbow_Y_190.118785 0.187384 0.146306 
r_elbow_X_200.0158557 0.0764331 0.0485325 

1198 88
r_elbow_Z_18-0.021592 0.402507 0.202686 
r_elbow_Y_19-0.017692 0.187384 0.0973257 
r_elbow_X_20-0.675929 0.0764331 -0.296228 

1200 7
r_elbow_Z_18-0.021592 -0.000752395 -0.0116956 
r_elbow_Y_190.144608 0.187384 0.16563 
r_elbow_X_200.0514556 0.0764331 0.0645283 

10585 2
r_elbow_Z_18-0.021592 -0.0189418 -0.0202669 
r_elbow_Y_190.180648 0.187384 0.184016 
r_elbow_X_200.0730738 0.0764331 0.0747535 

10586 2
r_elbow_Z_18-0.021592 -0.0189418 -0.0202669 
r_elbow_Y_190.180648 0.187384 0.184016 
r_elbow_X_200.0730738 0.0764331 0.0747535 

10587 171
r_elbow_Z_18-0.0489066 0.598128 0.204131 
r_elbow_Y_19-0.0186605 0.681858 0.148417 
r_elbow_X_20-1.5337 0.0947685 -0.362119 

10588 1
r_elbow_Z_18-0.021592 -0.021592 -0.021592 
r_elbow_Y_190.187384 0.187384 0.187384 
r_elbow_X_200.0764331 0.0764331 0.0764331 

10591 8
r_elbow_Z_18-0.021592 0.00308133 -0.00984848 
r_elbow_Y_190.138873 0.187384 0.162286 
r_elbow_X_200.0471295 0.0764331 0.0623534 

2410 34
r_elbow_Z_18-0.021592 0.259453 0.0808653 
r_elbow_Y_190.11818 0.187384 0.134751 
r_elbow_X_20-0.318106 0.0764331 -0.0561409 

2411 3
r_elbow_Z_18-0.021592 -0.0157131 -0.0187489 
r_elbow_Y_190.172924 0.187384 0.180318 
r_elbow_X_200.0694699 0.0764331 0.0729923 

2412 73
r_elbow_Z_18-0.021592 0.402507 0.222991 
r_elbow_Y_19-0.00335812 0.187384 0.119064 
r_elbow_X_20-0.675929 0.0764331 -0.317914 

2416 16
r_elbow_Z_18-0.021592 0.0439227 0.00681334 
r_elbow_Y_190.11818 0.187384 0.142832 
r_elbow_X_20-0.000411912 0.0764331 0.0429373 

34569 47
r_elbow_Z_18-0.021592 0.376874 0.151268 
r_elbow_Y_190.11818 0.187384 0.136614 
r_elbow_X_20-0.58737 0.0764331 -0.171197 

1154 253
r_elbow_Z_18-0.0489066 0.598128 0.28736 
r_elbow_Y_19-0.0186605 0.724913 0.261002 
r_elbow_X_20-1.57647 0.0947685 -0.622467 

1156 87
r_elbow_Z_18-0.021592 0.402507 0.204794 
r_elbow_Y_19-0.017692 0.187384 0.0983011 
r_elbow_X_20-0.675929 0.0764331 -0.298862 

1158 160
r_elbow_Z_18-0.0489066 0.598128 0.177906 
r_elbow_Y_19-0.0186605 0.628514 0.112346 
r_elbow_X_20-1.29508 0.0947685 -0.287814 

1160 236
r_elbow_Z_18-0.0489066 0.598128 0.277315 
r_elbow_Y_19-0.0186605 0.724913 0.250817 
r_elbow_X_20-1.57647 0.0947685 -0.591725 

289 7
r_elbow_Z_18-0.021592 -0.000752395 -0.0116956 
r_elbow_Y_190.144608 0.187384 0.16563 
r_elbow_X_200.0514556 0.0764331 0.0645283 

291 173
r_elbow_Z_18-0.0489066 0.598128 0.208432 
r_elbow_Y_19-0.0186605 0.690281 0.154653 
r_elbow_X_20-1.55583 0.0947685 -0.375859 

292 144
r_elbow_Z_18-0.0489066 0.402507 0.139848 
r_elbow_Y_19-0.0186605 0.273744 0.0730848 
r_elbow_X_20-0.675929 0.0947685 -0.208054 

293 15
r_elbow_Z_18-0.021592 0.0368477 0.00433938 
r_elbow_Y_190.11818 0.187384 0.144431 
r_elbow_X_200.00795371 0.0764331 0.0458273 

294 7
r_elbow_Z_18-0.021592 -0.000752395 -0.0116956 
r_elbow_Y_190.144608 0.187384 0.16563 
r_elbow_X_200.0514556 0.0764331 0.0645283 

295 663
r_elbow_Z_18-0.0489066 0.672878 0.322683 
r_elbow_Y_19-0.0186605 0.724913 0.291111 
r_elbow_X_20-1.64473 0.0947685 -0.769361 

296 178
r_elbow_Z_18-0.0489066 0.598128 0.21859 
r_elbow_Y_19-0.0186605 0.720828 0.170227 
r_elbow_X_20-1.57647 0.0947685 -0.409444 

23683 94
r_elbow_Z_18-0.021592 0.402507 0.189439 
r_elbow_Y_19-0.017692 0.187384 0.0925903 
r_elbow_X_20-0.675929 0.0764331 -0.278569 

23684 1
r_elbow_Z_18-0.021592 -0.021592 -0.021592 
r_elbow_Y_190.187384 0.187384 0.187384 
r_elbow_X_200.0764331 0.0764331 0.0764331 

23685 2
r_elbow_Z_18-0.021592 -0.0189418 -0.0202669 
r_elbow_Y_190.180648 0.187384 0.184016 
r_elbow_X_200.0730738 0.0764331 0.0747535 

23687 69
r_elbow_Z_18-0.021592 0.402507 0.221354 
r_elbow_Y_190.0176072 0.187384 0.125708 
r_elbow_X_20-0.675929 0.0764331 -0.312575 

3809 166
r_elbow_Z_18-0.0489066 0.598128 0.192664 
r_elbow_Y_19-0.0186605 0.679836 0.132369 
r_elbow_X_20-1.45223 0.0947685 -0.327773 

3810 248
r_elbow_Z_18-0.0489066 0.598128 0.284234 
r_elbow_Y_19-0.0186605 0.724913 0.257215 
r_elbow_X_20-1.57647 0.0947685 -0.612788 

3811 13
r_elbow_Z_18-0.021592 0.0246574 -0.000165137 
r_elbow_Y_190.119982 0.187384 0.148423 
r_elbow_X_200.0220981 0.0764331 0.0510461 

3812 38
r_elbow_Z_18-0.021592 0.31266 0.103266 
r_elbow_Y_190.11818 0.187384 0.134191 
r_elbow_X_20-0.411669 0.0764331 -0.0898953 

3813 217
r_elbow_Z_18-0.0489066 0.598128 0.264503 
r_elbow_Y_19-0.0186605 0.724913 0.240108 
r_elbow_X_20-1.57647 0.0947685 -0.556227 

3814 290
r_elbow_Z_18-0.0489066 0.598128 0.312971 
r_elbow_Y_19-0.0186605 0.724913 0.299722 
r_elbow_X_20-1.57647 0.0947685 -0.71681 

3815 19
r_elbow_Z_18-0.021592 0.0689048 0.0152216 
r_elbow_Y_190.11818 0.187384 0.139396 
r_elbow_X_20-0.0324392 0.0764331 0.0328069 

3816 13
r_elbow_Z_18-0.021592 0.0246574 -0.000165137 
r_elbow_Y_190.119982 0.187384 0.148423 
r_elbow_X_200.0220981 0.0764331 0.0510461 

3913 43
r_elbow_Z_18-0.021592 0.356345 0.130923 
r_elbow_Y_190.11818 0.187384 0.134935 
r_elbow_X_20-0.517124 0.0764331 -0.134829 

3914 19
r_elbow_Z_18-0.021592 0.0689048 0.0152216 
r_elbow_Y_190.11818 0.187384 0.139396 
r_elbow_X_20-0.0324392 0.0764331 0.0328069 

3915 10
r_elbow_Z_18-0.021592 0.010781 -0.00610977 
r_elbow_Y_190.12938 0.187384 0.156133 
r_elbow_X_200.038345 0.0764331 0.0580163 

3917 26
r_elbow_Z_18-0.021592 0.147909 0.0413612 
r_elbow_Y_190.11818 0.187384 0.135942 
r_elbow_X_20-0.140265 0.0764331 -0.000176346 

3918 21
r_elbow_Z_18-0.021592 0.089023 0.0217539 
r_elbow_Y_190.11818 0.187384 0.137919 
r_elbow_X_20-0.0580109 0.0764331 0.0248032 

3920 3
r_elbow_Z_18-0.021592 -0.0157131 -0.0187489 
r_elbow_Y_190.172924 0.187384 0.180318 
r_elbow_X_200.0694699 0.0764331 0.0729923 

339 186
r_elbow_Z_18-0.0489066 0.598128 0.233351 
r_elbow_Y_19-0.0186605 0.724913 0.193528 
r_elbow_X_20-1.57647 0.0947685 -0.458429 

340 197
r_elbow_Z_18-0.0489066 0.598128 0.248734 
r_elbow_Y_19-0.0186605 0.724913 0.21892 
r_elbow_X_20-1.57647 0.0947685 -0.50749 

343 26
r_elbow_Z_18-0.021592 0.147909 0.0413612 
r_elbow_Y_190.11818 0.187384 0.135942 
r_elbow_X_20-0.140265 0.0764331 -0.000176346 

344 79
r_elbow_Z_18-0.021592 0.402507 0.218508 
r_elbow_Y_19-0.017692 0.187384 0.108947 
r_elbow_X_20-0.675929 0.0764331 -0.315213 

4689 248
r_elbow_Z_18-0.0489066 0.598128 0.284234 
r_elbow_Y_19-0.0186605 0.724913 0.257215 
r_elbow_X_20-1.57647 0.0947685 -0.612788 

4690 17
r_elbow_Z_18-0.021592 0.0515349 0.00944402 
r_elbow_Y_190.11818 0.187384 0.141485 
r_elbow_X_20-0.0104815 0.0764331 0.039795 

4691 180
r_elbow_Z_18-0.0489066 0.598128 0.222496 
r_elbow_Y_19-0.0186605 0.724913 0.176385 
r_elbow_X_20-1.57647 0.0947685 -0.422389 

4692 56
r_elbow_Z_18-0.021592 0.402507 0.190197 
r_elbow_Y_190.11818 0.187384 0.140063 
r_elbow_X_20-0.675929 0.0764331 -0.248167 

4695 472
r_elbow_Z_18-0.0489066 0.598128 0.317722 
r_elbow_Y_19-0.0186605 0.724913 0.332392 
r_elbow_X_20-1.57647 0.0947685 -0.801975 

4696 91
r_elbow_Z_18-0.021592 0.402507 0.196141 
r_elbow_Y_19-0.017692 0.187384 0.0948093 
r_elbow_X_20-0.675929 0.0764331 -0.287736 

905 321
r_elbow_Z_18-0.0489066 0.598128 0.319573 
r_elbow_Y_19-0.0186605 0.724913 0.313742 
r_elbow_X_20-1.57647 0.0947685 -0.751009 

906 289
r_elbow_Z_18-0.0489066 0.598128 0.312395 
r_elbow_Y_19-0.0186605 0.724913 0.298827 
r_elbow_X_20-1.57647 0.0947685 -0.714281 

907 151
r_elbow_Z_18-0.0489066 0.507269 0.154477 
r_elbow_Y_19-0.0186605 0.434691 0.0864758 
r_elbow_X_20-0.954048 0.0947685 -0.236184 

908 69
r_elbow_Z_18-0.021592 0.402507 0.221354 
r_elbow_Y_190.0176072 0.187384 0.125708 
r_elbow_X_20-0.675929 0.0764331 -0.312575 

909 237
r_elbow_Z_18-0.0489066 0.598128 0.277888 
r_elbow_Y_19-0.0186605 0.724913 0.251356 
r_elbow_X_20-1.57647 0.0947685 -0.593422 

910 225
r_elbow_Z_18-0.0489066 0.598128 0.270343 
r_elbow_Y_19-0.0186605 0.724913 0.244896 
r_elbow_X_20-1.57647 0.0947685 -0.572013 

911 158
r_elbow_Z_18-0.0489066 0.594899 0.172587 
r_elbow_Y_19-0.0186605 0.590841 0.105925 
r_elbow_X_20-1.23072 0.0947685 -0.275265 

912 157
r_elbow_Z_18-0.0489066 0.589131 0.169897 
r_elbow_Y_19-0.0186605 0.569499 0.102836 
r_elbow_X_20-1.19327 0.0947685 -0.26918 

4017 9
r_elbow_Z_18-0.021592 0.00690909 -0.00798653 
r_elbow_Y_190.133661 0.187384 0.159105 
r_elbow_X_200.0429906 0.0764331 0.060202 

4018 12
r_elbow_Z_18-0.021592 0.0194134 -0.00223368 
r_elbow_Y_190.122648 0.187384 0.150793 
r_elbow_X_200.0280399 0.0764331 0.0534584 

4019 3
r_elbow_Z_18-0.021592 -0.0157131 -0.0187489 
r_elbow_Y_190.172924 0.187384 0.180318 
r_elbow_X_200.0694699 0.0764331 0.0729923 

4020 5
r_elbow_Z_18-0.021592 -0.00837643 -0.0153298 
r_elbow_Y_190.157654 0.187384 0.172786 
r_elbow_X_200.0606551 0.0764331 0.0688981 

4021 57
r_elbow_Z_18-0.021592 0.402507 0.193916 
r_elbow_Y_190.11818 0.187384 0.139896 
r_elbow_X_20-0.675929 0.0764331 -0.255552 

4022 21
r_elbow_Z_18-0.021592 0.089023 0.0217539 
r_elbow_Y_190.11818 0.187384 0.137919 
r_elbow_X_20-0.0580109 0.0764331 0.0248032 

4023 30
r_elbow_Z_18-0.021592 0.201502 0.0599559 
r_elbow_Y_190.11818 0.187384 0.135393 
r_elbow_X_20-0.225485 0.0764331 -0.0258445 

4024 22
r_elbow_Z_18-0.021592 0.100084 0.0253143 
r_elbow_Y_190.11818 0.187384 0.137354 
r_elbow_X_20-0.0721549 0.0764331 0.020396 

24146 24
r_elbow_Z_18-0.021592 0.123403 0.0329978 
r_elbow_Y_190.11818 0.187384 0.136495 
r_elbow_X_20-0.103893 0.0764331 0.0107166 

24150 3
r_elbow_Z_18-0.021592 -0.0157131 -0.0187489 
r_elbow_Y_190.172924 0.187384 0.180318 
r_elbow_X_200.0694699 0.0764331 0.0729923 

8894 45
r_elbow_Z_18-0.021592 0.367861 0.141334 
r_elbow_Y_190.11818 0.187384 0.135671 
r_elbow_X_20-0.553746 0.0764331 -0.153059 

12833 2
r_elbow_Z_18-0.021592 -0.0189418 -0.0202669 
r_elbow_Y_190.180648 0.187384 0.184016 
r_elbow_X_200.0730738 0.0764331 0.0747535 

12834 26
r_elbow_Z_18-0.021592 0.147909 0.0413612 
r_elbow_Y_190.11818 0.187384 0.135942 
r_elbow_X_20-0.140265 0.0764331 -0.000176346 

12836 13
r_elbow_Z_18-0.021592 0.0246574 -0.000165137 
r_elbow_Y_190.119982 0.187384 0.148423 
r_elbow_X_200.0220981 0.0764331 0.0510461 

12837 43
r_elbow_Z_18-0.021592 0.356345 0.130923 
r_elbow_Y_190.11818 0.187384 0.134935 
r_elbow_X_20-0.517124 0.0764331 -0.134829 

12838 44
r_elbow_Z_18-0.021592 0.362495 0.136186 
r_elbow_Y_190.11818 0.187384 0.135277 
r_elbow_X_20-0.536252 0.0764331 -0.143952 

12840 2
r_elbow_Z_18-0.021592 -0.0189418 -0.0202669 
r_elbow_Y_190.180648 0.187384 0.184016 
r_elbow_X_200.0730738 0.0764331 0.0747535 

11697 18
r_elbow_Z_18-0.021592 0.0597568 0.0122392 
r_elbow_Y_190.11818 0.187384 0.140358 
r_elbow_X_20-0.0207449 0.0764331 0.0364317 

11698 16
r_elbow_Z_18-0.021592 0.0439227 0.00681334 
r_elbow_Y_190.11818 0.187384 0.142832 
r_elbow_X_20-0.000411912 0.0764331 0.0429373 

11699 44
r_elbow_Z_18-0.021592 0.362495 0.136186 
r_elbow_Y_190.11818 0.187384 0.135277 
r_elbow_X_20-0.536252 0.0764331 -0.143952 

11700 17
r_elbow_Z_18-0.021592 0.0515349 0.00944402 
r_elbow_Y_190.11818 0.187384 0.141485 
r_elbow_X_20-0.0104815 0.0764331 0.039795 

11703 15
r_elbow_Z_18-0.021592 0.0368477 0.00433938 
r_elbow_Y_190.11818 0.187384 0.144431 
r_elbow_X_200.00795371 0.0764331 0.0458273 

43722 12
r_elbow_Z_18-0.021592 0.0194134 -0.00223368 
r_elbow_Y_190.122648 0.187384 0.150793 
r_elbow_X_200.0280399 0.0764331 0.0534584 

43724 83
r_elbow_Z_18-0.021592 0.402507 0.212409 
r_elbow_Y_19-0.017692 0.187384 0.103032 
r_elbow_X_20-0.675929 0.0764331 -0.308273 

11809 149
r_elbow_Z_18-0.0489066 0.475102 0.149845 
r_elbow_Y_19-0.0186605 0.384136 0.0819711 
r_elbow_X_20-0.861214 0.0947685 -0.226857 

11810 60
r_elbow_Z_18-0.021592 0.402507 0.204006 
r_elbow_Y_190.0916188 0.187384 0.138155 
r_elbow_X_20-0.675929 0.0764331 -0.275352 

11811 89
r_elbow_Z_18-0.021592 0.402507 0.200533 
r_elbow_Y_19-0.017692 0.187384 0.096428 
r_elbow_X_20-0.675929 0.0764331 -0.29349 

11812 108
r_elbow_Z_18-0.0489066 0.402507 0.159687 
r_elbow_Y_19-0.017692 0.187384 0.0825022 
r_elbow_X_20-0.675929 0.0947685 -0.233195 

11815 6
r_elbow_Z_18-0.021592 -0.00446778 -0.0135195 
r_elbow_Y_190.150874 0.187384 0.169134 
r_elbow_X_200.0557518 0.0764331 0.066707 

11816 5
r_elbow_Z_18-0.021592 -0.00837643 -0.0153298 
r_elbow_Y_190.157654 0.187384 0.172786 
r_elbow_X_200.0606551 0.0764331 0.0688981 

8777 60
r_elbow_Z_18-0.021592 0.402507 0.204006 
r_elbow_Y_190.0916188 0.187384 0.138155 
r_elbow_X_20-0.675929 0.0764331 -0.275352 

8778 224
r_elbow_Z_18-0.0489066 0.598128 0.269649 
r_elbow_Y_19-0.0186605 0.724913 0.244334 
r_elbow_X_20-1.57647 0.0947685 -0.570088 

8780 51
r_elbow_Z_18-0.021592 0.391398 0.16971 
r_elbow_Y_190.11818 0.187384 0.13868 
r_elbow_X_20-0.646146 0.0764331 -0.206843 

8781 96
r_elbow_Z_18-0.026499 0.402507 0.184977 
r_elbow_Y_19-0.017692 0.187384 0.0911534 
r_elbow_X_20-0.675929 0.0764331 -0.272182 

8782 217
r_elbow_Z_18-0.0489066 0.598128 0.264503 
r_elbow_Y_19-0.0186605 0.724913 0.240108 
r_elbow_X_20-1.57647 0.0947685 -0.556227 

8784 76
r_elbow_Z_18-0.021592 0.402507 0.221686 
r_elbow_Y_19-0.0141512 0.187384 0.113924 
r_elbow_X_20-0.675929 0.0764331 -0.317904 

4057 16
r_elbow_Z_18-0.021592 0.0439227 0.00681334 
r_elbow_Y_190.11818 0.187384 0.142832 
r_elbow_X_20-0.000411912 0.0764331 0.0429373 

4058 8
r_elbow_Z_18-0.021592 0.00308133 -0.00984848 
r_elbow_Y_190.138873 0.187384 0.162286 
r_elbow_X_200.0471295 0.0764331 0.0623534 

4059 3
r_elbow_Z_18-0.021592 -0.0157131 -0.0187489 
r_elbow_Y_190.172924 0.187384 0.180318 
r_elbow_X_200.0694699 0.0764331 0.0729923 

4061 126
r_elbow_Z_18-0.0489066 0.402507 0.133769 
r_elbow_Y_19-0.0186605 0.187384 0.070178 
r_elbow_X_20-0.675929 0.0947685 -0.193592 

4062 24
r_elbow_Z_18-0.021592 0.123403 0.0329978 
r_elbow_Y_190.11818 0.187384 0.136495 
r_elbow_X_20-0.103893 0.0764331 0.0107166 

4064 1
r_elbow_Z_18-0.021592 -0.021592 -0.021592 
r_elbow_Y_190.187384 0.187384 0.187384 
r_elbow_X_200.0764331 0.0764331 0.0764331 

49868 3
r_elbow_Z_18-0.021592 -0.0157131 -0.0187489 
r_elbow_Y_190.172924 0.187384 0.180318 
r_elbow_X_200.0694699 0.0764331 0.0729923 

18666 43
r_elbow_Z_18-0.021592 0.356345 0.130923 
r_elbow_Y_190.11818 0.187384 0.134935 
r_elbow_X_20-0.517124 0.0764331 -0.134829 

18668 195
r_elbow_Z_18-0.0489066 0.598128 0.246342 
r_elbow_Y_19-0.0186605 0.724913 0.214821 
r_elbow_X_20-1.57647 0.0947685 -0.500359 

18670 4
r_elbow_Z_18-0.021592 -0.0120257 -0.0170681 
r_elbow_Y_190.165323 0.187384 0.176569 
r_elbow_X_200.0648586 0.0764331 0.0709588 

27451 8
r_elbow_Z_18-0.021592 0.00308133 -0.00984848 
r_elbow_Y_190.138873 0.187384 0.162286 
r_elbow_X_200.0471295 0.0764331 0.0623534 

27452 8
r_elbow_Z_18-0.021592 0.00308133 -0.00984848 
r_elbow_Y_190.138873 0.187384 0.162286 
r_elbow_X_200.0471295 0.0764331 0.0623534 

27455 1
r_elbow_Z_18-0.021592 -0.021592 -0.021592 
r_elbow_Y_190.187384 0.187384 0.187384 
r_elbow_X_200.0764331 0.0764331 0.0764331 

27456 17
r_elbow_Z_18-0.021592 0.0515349 0.00944402 
r_elbow_Y_190.11818 0.187384 0.141485 
r_elbow_X_20-0.0104815 0.0764331 0.039795 

15091 61
r_elbow_Z_18-0.021592 0.402507 0.206926 
r_elbow_Y_190.0783385 0.187384 0.137174 
r_elbow_X_20-0.675929 0.0764331 -0.281161 

15092 25
r_elbow_Z_18-0.021592 0.135535 0.0370993 
r_elbow_Y_190.11818 0.187384 0.13618 
r_elbow_X_20-0.121518 0.0764331 0.00542719 

15095 4
r_elbow_Z_18-0.021592 -0.0120257 -0.0170681 
r_elbow_Y_190.165323 0.187384 0.176569 
r_elbow_X_200.0648586 0.0764331 0.0709588 

15096 8
r_elbow_Z_18-0.021592 0.00308133 -0.00984848 
r_elbow_Y_190.138873 0.187384 0.162286 
r_elbow_X_200.0471295 0.0764331 0.0623534 

15673 114
r_elbow_Z_18-0.0489066 0.402507 0.149096 
r_elbow_Y_19-0.017692 0.187384 0.0782584 
r_elbow_X_20-0.675929 0.0947685 -0.216693 

15674 148
r_elbow_Z_18-0.0489066 0.458192 0.147647 
r_elbow_Y_19-0.0186605 0.359497 0.0799295 
r_elbow_X_20-0.814267 0.0947685 -0.222571 

15675 133
r_elbow_Z_18-0.0489066 0.402507 0.130902 
r_elbow_Y_19-0.0186605 0.187384 0.0663226 
r_elbow_X_20-0.675929 0.0947685 -0.189737 

15676 47
r_elbow_Z_18-0.021592 0.376874 0.151268 
r_elbow_Y_190.11818 0.187384 0.136614 
r_elbow_X_20-0.58737 0.0764331 -0.171197 

15677 50
r_elbow_Z_18-0.021592 0.38832 0.165276 
r_elbow_Y_190.11818 0.187384 0.138173 
r_elbow_X_20-0.633539 0.0764331 -0.198057 

15678 18
r_elbow_Z_18-0.021592 0.0597568 0.0122392 
r_elbow_Y_190.11818 0.187384 0.140358 
r_elbow_X_20-0.0207449 0.0764331 0.0364317 

15679 65
r_elbow_Z_18-0.021592 0.402507 0.216062 
r_elbow_Y_190.0386634 0.187384 0.131894 
r_elbow_X_20-0.675929 0.0764331 -0.300294 

4441 82
r_elbow_Z_18-0.021592 0.402507 0.214075 
r_elbow_Y_19-0.017692 0.187384 0.104407 
r_elbow_X_20-0.675929 0.0764331 -0.310302 

4442 50
r_elbow_Z_18-0.021592 0.38832 0.165276 
r_elbow_Y_190.11818 0.187384 0.138173 
r_elbow_X_20-0.633539 0.0764331 -0.198057 

4443 33
r_elbow_Z_18-0.021592 0.244936 0.0754535 
r_elbow_Y_190.11818 0.187384 0.134929 
r_elbow_X_20-0.29503 0.0764331 -0.0482026 

4444 16
r_elbow_Z_18-0.021592 0.0439227 0.00681334 
r_elbow_Y_190.11818 0.187384 0.142832 
r_elbow_X_20-0.000411912 0.0764331 0.0429373 

4446 30
r_elbow_Z_18-0.021592 0.201502 0.0599559 
r_elbow_Y_190.11818 0.187384 0.135393 
r_elbow_X_20-0.225485 0.0764331 -0.0258445 

15593 2
r_elbow_Z_18-0.021592 -0.0189418 -0.0202669 
r_elbow_Y_190.180648 0.187384 0.184016 
r_elbow_X_200.0730738 0.0764331 0.0747535 

15594 18
r_elbow_Z_18-0.021592 0.0597568 0.0122392 
r_elbow_Y_190.11818 0.187384 0.140358 
r_elbow_X_20-0.0207449 0.0764331 0.0364317 

15595 28
r_elbow_Z_18-0.021592 0.173753 0.0503488 
r_elbow_Y_190.11818 0.187384 0.135644 
r_elbow_X_20-0.181408 0.0764331 -0.0123736 

15233 13
r_elbow_Z_18-0.021592 0.0246574 -0.000165137 
r_elbow_Y_190.119982 0.187384 0.148423 
r_elbow_X_200.0220981 0.0764331 0.0510461 

15234 35
r_elbow_Z_18-0.021592 0.27386 0.0863794 
r_elbow_Y_190.11818 0.187384 0.134557 
r_elbow_X_20-0.341683 0.0764331 -0.0642993 

15237 13
r_elbow_Z_18-0.021592 0.0246574 -0.000165137 
r_elbow_Y_190.119982 0.187384 0.148423 
r_elbow_X_200.0220981 0.0764331 0.0510461 

15238 22
r_elbow_Z_18-0.021592 0.100084 0.0253143 
r_elbow_Y_190.11818 0.187384 0.137354 
r_elbow_X_20-0.0721549 0.0764331 0.020396 

18346 3
r_elbow_Z_18-0.021592 -0.0157131 -0.0187489 
r_elbow_Y_190.172924 0.187384 0.180318 
r_elbow_X_200.0694699 0.0764331 0.0729923 

16065 82
r_elbow_Z_18-0.021592 0.402507 0.214075 
r_elbow_Y_19-0.017692 0.187384 0.104407 
r_elbow_X_20-0.675929 0.0764331 -0.310302 

16066 94
r_elbow_Z_18-0.021592 0.402507 0.189439 
r_elbow_Y_19-0.017692 0.187384 0.0925903 
r_elbow_X_20-0.675929 0.0764331 -0.278569 

16068 24
r_elbow_Z_18-0.021592 0.123403 0.0329978 
r_elbow_Y_190.11818 0.187384 0.136495 
r_elbow_X_20-0.103893 0.0764331 0.0107166 

16069 87
r_elbow_Z_18-0.021592 0.402507 0.204794 
r_elbow_Y_19-0.017692 0.187384 0.0983011 
r_elbow_X_20-0.675929 0.0764331 -0.298862 

16070 25
r_elbow_Z_18-0.021592 0.135535 0.0370993 
r_elbow_Y_190.11818 0.187384 0.13618 
r_elbow_X_20-0.121518 0.0764331 0.00542719 

16072 18
r_elbow_Z_18-0.021592 0.0597568 0.0122392 
r_elbow_Y_190.11818 0.187384 0.140358 
r_elbow_X_20-0.0207449 0.0764331 0.0364317 

74361 66
r_elbow_Z_18-0.021592 0.402507 0.217729 
r_elbow_Y_190.0328516 0.187384 0.130393 
r_elbow_X_20-0.675929 0.0764331 -0.30402 

74363 31
r_elbow_Z_18-0.021592 0.215918 0.064987 
r_elbow_Y_190.11818 0.187384 0.135253 
r_elbow_X_20-0.248832 0.0764331 -0.0330377 

17305 31
r_elbow_Z_18-0.021592 0.215918 0.064987 
r_elbow_Y_190.11818 0.187384 0.135253 
r_elbow_X_20-0.248832 0.0764331 -0.0330377 

17306 15
r_elbow_Z_18-0.021592 0.0368477 0.00433938 
r_elbow_Y_190.11818 0.187384 0.144431 
r_elbow_X_200.00795371 0.0764331 0.0458273 

17308 8
r_elbow_Z_18-0.021592 0.00308133 -0.00984848 
r_elbow_Y_190.138873 0.187384 0.162286 
r_elbow_X_200.0471295 0.0764331 0.0623534 
